(kicad_pcb (version 20171130) (host pcbnew 5.0.1)

  (general
    (thickness 1.6)
    (drawings 0)
    (tracks 0)
    (zones 0)
    (modules 54)
    (nets 56)
  )

  (page A4)
  (layers
    (0 F.Cu signal)
    (31 B.Cu signal)
    (32 B.Adhes user)
    (33 F.Adhes user)
    (34 B.Paste user)
    (35 F.Paste user)
    (36 B.SilkS user)
    (37 F.SilkS user)
    (38 B.Mask user)
    (39 F.Mask user)
    (40 Dwgs.User user)
    (41 Cmts.User user)
    (42 Eco1.User user)
    (43 Eco2.User user)
    (44 Edge.Cuts user)
    (45 Margin user)
    (46 B.CrtYd user)
    (47 F.CrtYd user)
    (48 B.Fab user)
    (49 F.Fab user)
  )

  (setup
    (last_trace_width 0.25)
    (trace_clearance 0.2)
    (zone_clearance 0.508)
    (zone_45_only no)
    (trace_min 0.2)
    (segment_width 0.2)
    (edge_width 0.15)
    (via_size 0.8)
    (via_drill 0.4)
    (via_min_size 0.4)
    (via_min_drill 0.3)
    (uvia_size 0.3)
    (uvia_drill 0.1)
    (uvias_allowed no)
    (uvia_min_size 0.2)
    (uvia_min_drill 0.1)
    (pcb_text_width 0.3)
    (pcb_text_size 1.5 1.5)
    (mod_edge_width 0.15)
    (mod_text_size 1 1)
    (mod_text_width 0.15)
    (pad_size 1.524 1.524)
    (pad_drill 0.762)
    (pad_to_mask_clearance 0.051)
    (solder_mask_min_width 0.25)
    (aux_axis_origin 0 0)
    (visible_elements FFFFFF7F)
    (pcbplotparams
      (layerselection 0x010fc_ffffffff)
      (usegerberextensions false)
      (usegerberattributes false)
      (usegerberadvancedattributes false)
      (creategerberjobfile false)
      (excludeedgelayer true)
      (linewidth 0.100000)
      (plotframeref false)
      (viasonmask false)
      (mode 1)
      (useauxorigin false)
      (hpglpennumber 1)
      (hpglpenspeed 20)
      (hpglpendiameter 15.000000)
      (psnegative false)
      (psa4output false)
      (plotreference true)
      (plotvalue true)
      (plotinvisibletext false)
      (padsonsilk false)
      (subtractmaskfromsilk false)
      (outputformat 1)
      (mirror false)
      (drillshape 1)
      (scaleselection 1)
      (outputdirectory ""))
  )

  (net 0 "")
  (net 1 +5V)
  (net 2 GND)
  (net 3 +3V3)
  (net 4 /RESET)
  (net 5 "Net-(D2-Pad1)")
  (net 6 "Net-(D2-Pad2)")
  (net 7 "Net-(D3-Pad2)")
  (net 8 "Net-(D3-Pad1)")
  (net 9 "Net-(D4-Pad1)")
  (net 10 "Net-(D4-Pad2)")
  (net 11 /CAN_L)
  (net 12 /SWDIO)
  (net 13 /CAN_H)
  (net 14 /SWCLK)
  (net 15 "Net-(JP1-Pad2)")
  (net 16 "Net-(Q1-Pad3)")
  (net 17 "Net-(Q1-Pad1)")
  (net 18 "Net-(Q2-Pad1)")
  (net 19 "Net-(Q2-Pad3)")
  (net 20 "Net-(Q3-Pad3)")
  (net 21 "Net-(Q3-Pad1)")
  (net 22 "Net-(Q4-Pad1)")
  (net 23 "Net-(Q4-Pad3)")
  (net 24 "Net-(Q5-Pad3)")
  (net 25 "Net-(Q5-Pad1)")
  (net 26 "Net-(Q6-Pad1)")
  (net 27 "Net-(Q6-Pad3)")
  (net 28 "Net-(Q7-Pad1)")
  (net 29 "Net-(Q7-Pad3)")
  (net 30 "Net-(R6-Pad1)")
  (net 31 "Net-(R7-Pad2)")
  (net 32 "Net-(R8-Pad2)")
  (net 33 "Net-(R8-Pad1)")
  (net 34 "Net-(R9-Pad2)")
  (net 35 "Net-(R9-Pad1)")
  (net 36 "Net-(R10-Pad1)")
  (net 37 "Net-(R10-Pad2)")
  (net 38 "Net-(R11-Pad2)")
  (net 39 "Net-(R11-Pad1)")
  (net 40 "Net-(R12-Pad1)")
  (net 41 "Net-(R12-Pad2)")
  (net 42 "Net-(R13-Pad2)")
  (net 43 "Net-(R13-Pad1)")
  (net 44 "Net-(R14-Pad1)")
  (net 45 "Net-(R14-Pad2)")
  (net 46 "Net-(R15-Pad1)")
  (net 47 /SEG1)
  (net 48 /SEG2)
  (net 49 /SEG3)
  (net 50 /CAN_TX)
  (net 51 /CAN_RX)
  (net 52 "Net-(U3-Pad6)")
  (net 53 "Net-(U3-Pad7)")
  (net 54 "Net-(U3-Pad8)")
  (net 55 "Net-(U3-Pad9)")

  (net_class Default "Toto je výchozí třída sítě."
    (clearance 0.2)
    (trace_width 0.25)
    (via_dia 0.8)
    (via_drill 0.4)
    (uvia_dia 0.3)
    (uvia_drill 0.1)
    (add_net +3V3)
    (add_net +5V)
    (add_net /CAN_H)
    (add_net /CAN_L)
    (add_net /CAN_RX)
    (add_net /CAN_TX)
    (add_net /RESET)
    (add_net /SEG1)
    (add_net /SEG2)
    (add_net /SEG3)
    (add_net /SWCLK)
    (add_net /SWDIO)
    (add_net GND)
    (add_net "Net-(D2-Pad1)")
    (add_net "Net-(D2-Pad2)")
    (add_net "Net-(D3-Pad1)")
    (add_net "Net-(D3-Pad2)")
    (add_net "Net-(D4-Pad1)")
    (add_net "Net-(D4-Pad2)")
    (add_net "Net-(JP1-Pad2)")
    (add_net "Net-(Q1-Pad1)")
    (add_net "Net-(Q1-Pad3)")
    (add_net "Net-(Q2-Pad1)")
    (add_net "Net-(Q2-Pad3)")
    (add_net "Net-(Q3-Pad1)")
    (add_net "Net-(Q3-Pad3)")
    (add_net "Net-(Q4-Pad1)")
    (add_net "Net-(Q4-Pad3)")
    (add_net "Net-(Q5-Pad1)")
    (add_net "Net-(Q5-Pad3)")
    (add_net "Net-(Q6-Pad1)")
    (add_net "Net-(Q6-Pad3)")
    (add_net "Net-(Q7-Pad1)")
    (add_net "Net-(Q7-Pad3)")
    (add_net "Net-(R10-Pad1)")
    (add_net "Net-(R10-Pad2)")
    (add_net "Net-(R11-Pad1)")
    (add_net "Net-(R11-Pad2)")
    (add_net "Net-(R12-Pad1)")
    (add_net "Net-(R12-Pad2)")
    (add_net "Net-(R13-Pad1)")
    (add_net "Net-(R13-Pad2)")
    (add_net "Net-(R14-Pad1)")
    (add_net "Net-(R14-Pad2)")
    (add_net "Net-(R15-Pad1)")
    (add_net "Net-(R6-Pad1)")
    (add_net "Net-(R7-Pad2)")
    (add_net "Net-(R8-Pad1)")
    (add_net "Net-(R8-Pad2)")
    (add_net "Net-(R9-Pad1)")
    (add_net "Net-(R9-Pad2)")
    (add_net "Net-(U3-Pad6)")
    (add_net "Net-(U3-Pad7)")
    (add_net "Net-(U3-Pad8)")
    (add_net "Net-(U3-Pad9)")
  )

  (module Capacitor_SMD:CP_Elec_6.3x7.7 (layer B.Cu) (tedit 5A841F9D) (tstamp 5C05D230)
    (at 128.025001 124.899511)
    (descr "SMT capacitor, aluminium electrolytic, 6.3x7.7, Nichicon ")
    (tags "Capacitor Electrolytic")
    (path /5E221350)
    (attr smd)
    (fp_text reference C1 (at 0 4.35) (layer B.SilkS)
      (effects (font (size 1 1) (thickness 0.15)) (justify mirror))
    )
    (fp_text value 50u (at 0 -4.35) (layer B.Fab)
      (effects (font (size 1 1) (thickness 0.15)) (justify mirror))
    )
    (fp_circle (center 0 0) (end 3.15 0) (layer B.Fab) (width 0.1))
    (fp_line (start 3.3 3.3) (end 3.3 -3.3) (layer B.Fab) (width 0.1))
    (fp_line (start -2.3 3.3) (end 3.3 3.3) (layer B.Fab) (width 0.1))
    (fp_line (start -2.3 -3.3) (end 3.3 -3.3) (layer B.Fab) (width 0.1))
    (fp_line (start -3.3 2.3) (end -3.3 -2.3) (layer B.Fab) (width 0.1))
    (fp_line (start -3.3 2.3) (end -2.3 3.3) (layer B.Fab) (width 0.1))
    (fp_line (start -3.3 -2.3) (end -2.3 -3.3) (layer B.Fab) (width 0.1))
    (fp_line (start -2.704838 1.33) (end -2.074838 1.33) (layer B.Fab) (width 0.1))
    (fp_line (start -2.389838 1.645) (end -2.389838 1.015) (layer B.Fab) (width 0.1))
    (fp_line (start 3.41 -3.41) (end 3.41 -1.06) (layer B.SilkS) (width 0.12))
    (fp_line (start 3.41 3.41) (end 3.41 1.06) (layer B.SilkS) (width 0.12))
    (fp_line (start -2.345563 3.41) (end 3.41 3.41) (layer B.SilkS) (width 0.12))
    (fp_line (start -2.345563 -3.41) (end 3.41 -3.41) (layer B.SilkS) (width 0.12))
    (fp_line (start -3.41 -2.345563) (end -3.41 -1.06) (layer B.SilkS) (width 0.12))
    (fp_line (start -3.41 2.345563) (end -3.41 1.06) (layer B.SilkS) (width 0.12))
    (fp_line (start -3.41 2.345563) (end -2.345563 3.41) (layer B.SilkS) (width 0.12))
    (fp_line (start -3.41 -2.345563) (end -2.345563 -3.41) (layer B.SilkS) (width 0.12))
    (fp_line (start -4.4375 1.8475) (end -3.65 1.8475) (layer B.SilkS) (width 0.12))
    (fp_line (start -4.04375 2.24125) (end -4.04375 1.45375) (layer B.SilkS) (width 0.12))
    (fp_line (start 3.55 3.55) (end 3.55 1.05) (layer B.CrtYd) (width 0.05))
    (fp_line (start 3.55 1.05) (end 4.7 1.05) (layer B.CrtYd) (width 0.05))
    (fp_line (start 4.7 1.05) (end 4.7 -1.05) (layer B.CrtYd) (width 0.05))
    (fp_line (start 4.7 -1.05) (end 3.55 -1.05) (layer B.CrtYd) (width 0.05))
    (fp_line (start 3.55 -1.05) (end 3.55 -3.55) (layer B.CrtYd) (width 0.05))
    (fp_line (start -2.4 -3.55) (end 3.55 -3.55) (layer B.CrtYd) (width 0.05))
    (fp_line (start -2.4 3.55) (end 3.55 3.55) (layer B.CrtYd) (width 0.05))
    (fp_line (start -3.55 -2.4) (end -2.4 -3.55) (layer B.CrtYd) (width 0.05))
    (fp_line (start -3.55 2.4) (end -2.4 3.55) (layer B.CrtYd) (width 0.05))
    (fp_line (start -3.55 2.4) (end -3.55 1.05) (layer B.CrtYd) (width 0.05))
    (fp_line (start -3.55 -1.05) (end -3.55 -2.4) (layer B.CrtYd) (width 0.05))
    (fp_line (start -3.55 1.05) (end -4.7 1.05) (layer B.CrtYd) (width 0.05))
    (fp_line (start -4.7 1.05) (end -4.7 -1.05) (layer B.CrtYd) (width 0.05))
    (fp_line (start -4.7 -1.05) (end -3.55 -1.05) (layer B.CrtYd) (width 0.05))
    (fp_text user %R (at 0 0) (layer B.Fab)
      (effects (font (size 1 1) (thickness 0.15)) (justify mirror))
    )
    (pad 1 smd rect (at -2.7 0) (size 3.5 1.6) (layers B.Cu B.Paste B.Mask)
      (net 1 +5V))
    (pad 2 smd rect (at 2.7 0) (size 3.5 1.6) (layers B.Cu B.Paste B.Mask)
      (net 2 GND))
    (model ${KISYS3DMOD}/Capacitor_SMD.3dshapes/CP_Elec_6.3x7.7.wrl
      (at (xyz 0 0 0))
      (scale (xyz 1 1 1))
      (rotate (xyz 0 0 0))
    )
  )

  (module Capacitor_SMD:C_0805_2012Metric (layer B.Cu) (tedit 5B36C52B) (tstamp 5C05D241)
    (at 173.165001 99.404545)
    (descr "Capacitor SMD 0805 (2012 Metric), square (rectangular) end terminal, IPC_7351 nominal, (Body size source: https://docs.google.com/spreadsheets/d/1BsfQQcO9C6DZCsRaXUlFlo91Tg2WpOkGARC1WS5S8t0/edit?usp=sharing), generated with kicad-footprint-generator")
    (tags capacitor)
    (path /5E18D9FE)
    (attr smd)
    (fp_text reference C2 (at 0 1.65) (layer B.SilkS)
      (effects (font (size 1 1) (thickness 0.15)) (justify mirror))
    )
    (fp_text value 100n (at 0 -1.65) (layer B.Fab)
      (effects (font (size 1 1) (thickness 0.15)) (justify mirror))
    )
    (fp_line (start -1 -0.6) (end -1 0.6) (layer B.Fab) (width 0.1))
    (fp_line (start -1 0.6) (end 1 0.6) (layer B.Fab) (width 0.1))
    (fp_line (start 1 0.6) (end 1 -0.6) (layer B.Fab) (width 0.1))
    (fp_line (start 1 -0.6) (end -1 -0.6) (layer B.Fab) (width 0.1))
    (fp_line (start -0.258578 0.71) (end 0.258578 0.71) (layer B.SilkS) (width 0.12))
    (fp_line (start -0.258578 -0.71) (end 0.258578 -0.71) (layer B.SilkS) (width 0.12))
    (fp_line (start -1.68 -0.95) (end -1.68 0.95) (layer B.CrtYd) (width 0.05))
    (fp_line (start -1.68 0.95) (end 1.68 0.95) (layer B.CrtYd) (width 0.05))
    (fp_line (start 1.68 0.95) (end 1.68 -0.95) (layer B.CrtYd) (width 0.05))
    (fp_line (start 1.68 -0.95) (end -1.68 -0.95) (layer B.CrtYd) (width 0.05))
    (fp_text user %R (at 0 0) (layer B.Fab)
      (effects (font (size 0.5 0.5) (thickness 0.08)) (justify mirror))
    )
    (pad 1 smd roundrect (at -0.9375 0) (size 0.975 1.4) (layers B.Cu B.Paste B.Mask) (roundrect_rratio 0.25)
      (net 3 +3V3))
    (pad 2 smd roundrect (at 0.9375 0) (size 0.975 1.4) (layers B.Cu B.Paste B.Mask) (roundrect_rratio 0.25)
      (net 2 GND))
    (model ${KISYS3DMOD}/Capacitor_SMD.3dshapes/C_0805_2012Metric.wrl
      (at (xyz 0 0 0))
      (scale (xyz 1 1 1))
      (rotate (xyz 0 0 0))
    )
  )

  (module Capacitor_SMD:C_0805_2012Metric (layer B.Cu) (tedit 5B36C52B) (tstamp 5C05D252)
    (at 180.615001 114.814545)
    (descr "Capacitor SMD 0805 (2012 Metric), square (rectangular) end terminal, IPC_7351 nominal, (Body size source: https://docs.google.com/spreadsheets/d/1BsfQQcO9C6DZCsRaXUlFlo91Tg2WpOkGARC1WS5S8t0/edit?usp=sharing), generated with kicad-footprint-generator")
    (tags capacitor)
    (path /5E0A083E)
    (attr smd)
    (fp_text reference C3 (at 0 1.65) (layer B.SilkS)
      (effects (font (size 1 1) (thickness 0.15)) (justify mirror))
    )
    (fp_text value 100n (at 0 -1.65) (layer B.Fab)
      (effects (font (size 1 1) (thickness 0.15)) (justify mirror))
    )
    (fp_text user %R (at 0 0) (layer B.Fab)
      (effects (font (size 0.5 0.5) (thickness 0.08)) (justify mirror))
    )
    (fp_line (start 1.68 -0.95) (end -1.68 -0.95) (layer B.CrtYd) (width 0.05))
    (fp_line (start 1.68 0.95) (end 1.68 -0.95) (layer B.CrtYd) (width 0.05))
    (fp_line (start -1.68 0.95) (end 1.68 0.95) (layer B.CrtYd) (width 0.05))
    (fp_line (start -1.68 -0.95) (end -1.68 0.95) (layer B.CrtYd) (width 0.05))
    (fp_line (start -0.258578 -0.71) (end 0.258578 -0.71) (layer B.SilkS) (width 0.12))
    (fp_line (start -0.258578 0.71) (end 0.258578 0.71) (layer B.SilkS) (width 0.12))
    (fp_line (start 1 -0.6) (end -1 -0.6) (layer B.Fab) (width 0.1))
    (fp_line (start 1 0.6) (end 1 -0.6) (layer B.Fab) (width 0.1))
    (fp_line (start -1 0.6) (end 1 0.6) (layer B.Fab) (width 0.1))
    (fp_line (start -1 -0.6) (end -1 0.6) (layer B.Fab) (width 0.1))
    (pad 2 smd roundrect (at 0.9375 0) (size 0.975 1.4) (layers B.Cu B.Paste B.Mask) (roundrect_rratio 0.25)
      (net 2 GND))
    (pad 1 smd roundrect (at -0.9375 0) (size 0.975 1.4) (layers B.Cu B.Paste B.Mask) (roundrect_rratio 0.25)
      (net 1 +5V))
    (model ${KISYS3DMOD}/Capacitor_SMD.3dshapes/C_0805_2012Metric.wrl
      (at (xyz 0 0 0))
      (scale (xyz 1 1 1))
      (rotate (xyz 0 0 0))
    )
  )

  (module Capacitor_SMD:C_0805_2012Metric (layer B.Cu) (tedit 5B36C52B) (tstamp 5C05D263)
    (at 142.785001 118.099511)
    (descr "Capacitor SMD 0805 (2012 Metric), square (rectangular) end terminal, IPC_7351 nominal, (Body size source: https://docs.google.com/spreadsheets/d/1BsfQQcO9C6DZCsRaXUlFlo91Tg2WpOkGARC1WS5S8t0/edit?usp=sharing), generated with kicad-footprint-generator")
    (tags capacitor)
    (path /5E18D925)
    (attr smd)
    (fp_text reference C4 (at 0 1.65) (layer B.SilkS)
      (effects (font (size 1 1) (thickness 0.15)) (justify mirror))
    )
    (fp_text value 100n (at 0 -1.65) (layer B.Fab)
      (effects (font (size 1 1) (thickness 0.15)) (justify mirror))
    )
    (fp_text user %R (at 0 0) (layer B.Fab)
      (effects (font (size 0.5 0.5) (thickness 0.08)) (justify mirror))
    )
    (fp_line (start 1.68 -0.95) (end -1.68 -0.95) (layer B.CrtYd) (width 0.05))
    (fp_line (start 1.68 0.95) (end 1.68 -0.95) (layer B.CrtYd) (width 0.05))
    (fp_line (start -1.68 0.95) (end 1.68 0.95) (layer B.CrtYd) (width 0.05))
    (fp_line (start -1.68 -0.95) (end -1.68 0.95) (layer B.CrtYd) (width 0.05))
    (fp_line (start -0.258578 -0.71) (end 0.258578 -0.71) (layer B.SilkS) (width 0.12))
    (fp_line (start -0.258578 0.71) (end 0.258578 0.71) (layer B.SilkS) (width 0.12))
    (fp_line (start 1 -0.6) (end -1 -0.6) (layer B.Fab) (width 0.1))
    (fp_line (start 1 0.6) (end 1 -0.6) (layer B.Fab) (width 0.1))
    (fp_line (start -1 0.6) (end 1 0.6) (layer B.Fab) (width 0.1))
    (fp_line (start -1 -0.6) (end -1 0.6) (layer B.Fab) (width 0.1))
    (pad 2 smd roundrect (at 0.9375 0) (size 0.975 1.4) (layers B.Cu B.Paste B.Mask) (roundrect_rratio 0.25)
      (net 2 GND))
    (pad 1 smd roundrect (at -0.9375 0) (size 0.975 1.4) (layers B.Cu B.Paste B.Mask) (roundrect_rratio 0.25)
      (net 1 +5V))
    (model ${KISYS3DMOD}/Capacitor_SMD.3dshapes/C_0805_2012Metric.wrl
      (at (xyz 0 0 0))
      (scale (xyz 1 1 1))
      (rotate (xyz 0 0 0))
    )
  )

  (module Capacitor_SMD:C_0805_2012Metric (layer B.Cu) (tedit 5B36C52B) (tstamp 5C05D274)
    (at 80.705001 132.178383)
    (descr "Capacitor SMD 0805 (2012 Metric), square (rectangular) end terminal, IPC_7351 nominal, (Body size source: https://docs.google.com/spreadsheets/d/1BsfQQcO9C6DZCsRaXUlFlo91Tg2WpOkGARC1WS5S8t0/edit?usp=sharing), generated with kicad-footprint-generator")
    (tags capacitor)
    (path /5E0A08DA)
    (attr smd)
    (fp_text reference C5 (at 0 1.65) (layer B.SilkS)
      (effects (font (size 1 1) (thickness 0.15)) (justify mirror))
    )
    (fp_text value 100n (at 0 -1.65) (layer B.Fab)
      (effects (font (size 1 1) (thickness 0.15)) (justify mirror))
    )
    (fp_line (start -1 -0.6) (end -1 0.6) (layer B.Fab) (width 0.1))
    (fp_line (start -1 0.6) (end 1 0.6) (layer B.Fab) (width 0.1))
    (fp_line (start 1 0.6) (end 1 -0.6) (layer B.Fab) (width 0.1))
    (fp_line (start 1 -0.6) (end -1 -0.6) (layer B.Fab) (width 0.1))
    (fp_line (start -0.258578 0.71) (end 0.258578 0.71) (layer B.SilkS) (width 0.12))
    (fp_line (start -0.258578 -0.71) (end 0.258578 -0.71) (layer B.SilkS) (width 0.12))
    (fp_line (start -1.68 -0.95) (end -1.68 0.95) (layer B.CrtYd) (width 0.05))
    (fp_line (start -1.68 0.95) (end 1.68 0.95) (layer B.CrtYd) (width 0.05))
    (fp_line (start 1.68 0.95) (end 1.68 -0.95) (layer B.CrtYd) (width 0.05))
    (fp_line (start 1.68 -0.95) (end -1.68 -0.95) (layer B.CrtYd) (width 0.05))
    (fp_text user %R (at 0 0) (layer B.Fab)
      (effects (font (size 0.5 0.5) (thickness 0.08)) (justify mirror))
    )
    (pad 1 smd roundrect (at -0.9375 0) (size 0.975 1.4) (layers B.Cu B.Paste B.Mask) (roundrect_rratio 0.25)
      (net 3 +3V3))
    (pad 2 smd roundrect (at 0.9375 0) (size 0.975 1.4) (layers B.Cu B.Paste B.Mask) (roundrect_rratio 0.25)
      (net 2 GND))
    (model ${KISYS3DMOD}/Capacitor_SMD.3dshapes/C_0805_2012Metric.wrl
      (at (xyz 0 0 0))
      (scale (xyz 1 1 1))
      (rotate (xyz 0 0 0))
    )
  )

  (module Capacitor_SMD:C_0805_2012Metric (layer B.Cu) (tedit 5B36C52B) (tstamp 5C05D285)
    (at 84.115001 132.178383)
    (descr "Capacitor SMD 0805 (2012 Metric), square (rectangular) end terminal, IPC_7351 nominal, (Body size source: https://docs.google.com/spreadsheets/d/1BsfQQcO9C6DZCsRaXUlFlo91Tg2WpOkGARC1WS5S8t0/edit?usp=sharing), generated with kicad-footprint-generator")
    (tags capacitor)
    (path /5E0A098C)
    (attr smd)
    (fp_text reference C6 (at 0 1.65) (layer B.SilkS)
      (effects (font (size 1 1) (thickness 0.15)) (justify mirror))
    )
    (fp_text value 10u (at 0 -1.65) (layer B.Fab)
      (effects (font (size 1 1) (thickness 0.15)) (justify mirror))
    )
    (fp_text user %R (at 0 0) (layer B.Fab)
      (effects (font (size 0.5 0.5) (thickness 0.08)) (justify mirror))
    )
    (fp_line (start 1.68 -0.95) (end -1.68 -0.95) (layer B.CrtYd) (width 0.05))
    (fp_line (start 1.68 0.95) (end 1.68 -0.95) (layer B.CrtYd) (width 0.05))
    (fp_line (start -1.68 0.95) (end 1.68 0.95) (layer B.CrtYd) (width 0.05))
    (fp_line (start -1.68 -0.95) (end -1.68 0.95) (layer B.CrtYd) (width 0.05))
    (fp_line (start -0.258578 -0.71) (end 0.258578 -0.71) (layer B.SilkS) (width 0.12))
    (fp_line (start -0.258578 0.71) (end 0.258578 0.71) (layer B.SilkS) (width 0.12))
    (fp_line (start 1 -0.6) (end -1 -0.6) (layer B.Fab) (width 0.1))
    (fp_line (start 1 0.6) (end 1 -0.6) (layer B.Fab) (width 0.1))
    (fp_line (start -1 0.6) (end 1 0.6) (layer B.Fab) (width 0.1))
    (fp_line (start -1 -0.6) (end -1 0.6) (layer B.Fab) (width 0.1))
    (pad 2 smd roundrect (at 0.9375 0) (size 0.975 1.4) (layers B.Cu B.Paste B.Mask) (roundrect_rratio 0.25)
      (net 2 GND))
    (pad 1 smd roundrect (at -0.9375 0) (size 0.975 1.4) (layers B.Cu B.Paste B.Mask) (roundrect_rratio 0.25)
      (net 3 +3V3))
    (model ${KISYS3DMOD}/Capacitor_SMD.3dshapes/C_0805_2012Metric.wrl
      (at (xyz 0 0 0))
      (scale (xyz 1 1 1))
      (rotate (xyz 0 0 0))
    )
  )

  (module Capacitor_SMD:C_0805_2012Metric (layer B.Cu) (tedit 5B36C52B) (tstamp 5C05D296)
    (at 90.935001 132.178383)
    (descr "Capacitor SMD 0805 (2012 Metric), square (rectangular) end terminal, IPC_7351 nominal, (Body size source: https://docs.google.com/spreadsheets/d/1BsfQQcO9C6DZCsRaXUlFlo91Tg2WpOkGARC1WS5S8t0/edit?usp=sharing), generated with kicad-footprint-generator")
    (tags capacitor)
    (path /5DFFA0AE)
    (attr smd)
    (fp_text reference C7 (at 0 1.65) (layer B.SilkS)
      (effects (font (size 1 1) (thickness 0.15)) (justify mirror))
    )
    (fp_text value 100n (at 0 -1.65) (layer B.Fab)
      (effects (font (size 1 1) (thickness 0.15)) (justify mirror))
    )
    (fp_text user %R (at 0 0) (layer B.Fab)
      (effects (font (size 0.5 0.5) (thickness 0.08)) (justify mirror))
    )
    (fp_line (start 1.68 -0.95) (end -1.68 -0.95) (layer B.CrtYd) (width 0.05))
    (fp_line (start 1.68 0.95) (end 1.68 -0.95) (layer B.CrtYd) (width 0.05))
    (fp_line (start -1.68 0.95) (end 1.68 0.95) (layer B.CrtYd) (width 0.05))
    (fp_line (start -1.68 -0.95) (end -1.68 0.95) (layer B.CrtYd) (width 0.05))
    (fp_line (start -0.258578 -0.71) (end 0.258578 -0.71) (layer B.SilkS) (width 0.12))
    (fp_line (start -0.258578 0.71) (end 0.258578 0.71) (layer B.SilkS) (width 0.12))
    (fp_line (start 1 -0.6) (end -1 -0.6) (layer B.Fab) (width 0.1))
    (fp_line (start 1 0.6) (end 1 -0.6) (layer B.Fab) (width 0.1))
    (fp_line (start -1 0.6) (end 1 0.6) (layer B.Fab) (width 0.1))
    (fp_line (start -1 -0.6) (end -1 0.6) (layer B.Fab) (width 0.1))
    (pad 2 smd roundrect (at 0.9375 0) (size 0.975 1.4) (layers B.Cu B.Paste B.Mask) (roundrect_rratio 0.25)
      (net 2 GND))
    (pad 1 smd roundrect (at -0.9375 0) (size 0.975 1.4) (layers B.Cu B.Paste B.Mask) (roundrect_rratio 0.25)
      (net 4 /RESET))
    (model ${KISYS3DMOD}/Capacitor_SMD.3dshapes/C_0805_2012Metric.wrl
      (at (xyz 0 0 0))
      (scale (xyz 1 1 1))
      (rotate (xyz 0 0 0))
    )
  )

  (module Capacitor_SMD:C_0805_2012Metric (layer B.Cu) (tedit 5B36C52B) (tstamp 5C05D2A7)
    (at 94.345001 132.178383)
    (descr "Capacitor SMD 0805 (2012 Metric), square (rectangular) end terminal, IPC_7351 nominal, (Body size source: https://docs.google.com/spreadsheets/d/1BsfQQcO9C6DZCsRaXUlFlo91Tg2WpOkGARC1WS5S8t0/edit?usp=sharing), generated with kicad-footprint-generator")
    (tags capacitor)
    (path /5BE7118E)
    (attr smd)
    (fp_text reference C8 (at 0 1.65) (layer B.SilkS)
      (effects (font (size 1 1) (thickness 0.15)) (justify mirror))
    )
    (fp_text value 100n (at 0 -1.65) (layer B.Fab)
      (effects (font (size 1 1) (thickness 0.15)) (justify mirror))
    )
    (fp_line (start -1 -0.6) (end -1 0.6) (layer B.Fab) (width 0.1))
    (fp_line (start -1 0.6) (end 1 0.6) (layer B.Fab) (width 0.1))
    (fp_line (start 1 0.6) (end 1 -0.6) (layer B.Fab) (width 0.1))
    (fp_line (start 1 -0.6) (end -1 -0.6) (layer B.Fab) (width 0.1))
    (fp_line (start -0.258578 0.71) (end 0.258578 0.71) (layer B.SilkS) (width 0.12))
    (fp_line (start -0.258578 -0.71) (end 0.258578 -0.71) (layer B.SilkS) (width 0.12))
    (fp_line (start -1.68 -0.95) (end -1.68 0.95) (layer B.CrtYd) (width 0.05))
    (fp_line (start -1.68 0.95) (end 1.68 0.95) (layer B.CrtYd) (width 0.05))
    (fp_line (start 1.68 0.95) (end 1.68 -0.95) (layer B.CrtYd) (width 0.05))
    (fp_line (start 1.68 -0.95) (end -1.68 -0.95) (layer B.CrtYd) (width 0.05))
    (fp_text user %R (at 0 0) (layer B.Fab)
      (effects (font (size 0.5 0.5) (thickness 0.08)) (justify mirror))
    )
    (pad 1 smd roundrect (at -0.9375 0) (size 0.975 1.4) (layers B.Cu B.Paste B.Mask) (roundrect_rratio 0.25)
      (net 2 GND))
    (pad 2 smd roundrect (at 0.9375 0) (size 0.975 1.4) (layers B.Cu B.Paste B.Mask) (roundrect_rratio 0.25)
      (net 3 +3V3))
    (model ${KISYS3DMOD}/Capacitor_SMD.3dshapes/C_0805_2012Metric.wrl
      (at (xyz 0 0 0))
      (scale (xyz 1 1 1))
      (rotate (xyz 0 0 0))
    )
  )

  (module Capacitor_SMD:C_0805_2012Metric (layer B.Cu) (tedit 5B36C52B) (tstamp 5C05D2B8)
    (at 97.755001 132.178383)
    (descr "Capacitor SMD 0805 (2012 Metric), square (rectangular) end terminal, IPC_7351 nominal, (Body size source: https://docs.google.com/spreadsheets/d/1BsfQQcO9C6DZCsRaXUlFlo91Tg2WpOkGARC1WS5S8t0/edit?usp=sharing), generated with kicad-footprint-generator")
    (tags capacitor)
    (path /5C3CE46A)
    (attr smd)
    (fp_text reference C9 (at 0 1.65) (layer B.SilkS)
      (effects (font (size 1 1) (thickness 0.15)) (justify mirror))
    )
    (fp_text value 100n (at 0 -1.65) (layer B.Fab)
      (effects (font (size 1 1) (thickness 0.15)) (justify mirror))
    )
    (fp_line (start -1 -0.6) (end -1 0.6) (layer B.Fab) (width 0.1))
    (fp_line (start -1 0.6) (end 1 0.6) (layer B.Fab) (width 0.1))
    (fp_line (start 1 0.6) (end 1 -0.6) (layer B.Fab) (width 0.1))
    (fp_line (start 1 -0.6) (end -1 -0.6) (layer B.Fab) (width 0.1))
    (fp_line (start -0.258578 0.71) (end 0.258578 0.71) (layer B.SilkS) (width 0.12))
    (fp_line (start -0.258578 -0.71) (end 0.258578 -0.71) (layer B.SilkS) (width 0.12))
    (fp_line (start -1.68 -0.95) (end -1.68 0.95) (layer B.CrtYd) (width 0.05))
    (fp_line (start -1.68 0.95) (end 1.68 0.95) (layer B.CrtYd) (width 0.05))
    (fp_line (start 1.68 0.95) (end 1.68 -0.95) (layer B.CrtYd) (width 0.05))
    (fp_line (start 1.68 -0.95) (end -1.68 -0.95) (layer B.CrtYd) (width 0.05))
    (fp_text user %R (at 0 0) (layer B.Fab)
      (effects (font (size 0.5 0.5) (thickness 0.08)) (justify mirror))
    )
    (pad 1 smd roundrect (at -0.9375 0) (size 0.975 1.4) (layers B.Cu B.Paste B.Mask) (roundrect_rratio 0.25)
      (net 1 +5V))
    (pad 2 smd roundrect (at 0.9375 0) (size 0.975 1.4) (layers B.Cu B.Paste B.Mask) (roundrect_rratio 0.25)
      (net 2 GND))
    (model ${KISYS3DMOD}/Capacitor_SMD.3dshapes/C_0805_2012Metric.wrl
      (at (xyz 0 0 0))
      (scale (xyz 1 1 1))
      (rotate (xyz 0 0 0))
    )
  )

  (module Diode_SMD:D_SOD-323 (layer B.Cu) (tedit 58641739) (tstamp 5C05D2D0)
    (at 138.645001 114.499511)
    (descr SOD-323)
    (tags SOD-323)
    (path /5BF35754)
    (attr smd)
    (fp_text reference D1 (at 0 1.85) (layer B.SilkS)
      (effects (font (size 1 1) (thickness 0.15)) (justify mirror))
    )
    (fp_text value BAT60 (at 0.1 -1.9) (layer B.Fab)
      (effects (font (size 1 1) (thickness 0.15)) (justify mirror))
    )
    (fp_text user %R (at 0 1.85) (layer B.Fab)
      (effects (font (size 1 1) (thickness 0.15)) (justify mirror))
    )
    (fp_line (start -1.5 0.85) (end -1.5 -0.85) (layer B.SilkS) (width 0.12))
    (fp_line (start 0.2 0) (end 0.45 0) (layer B.Fab) (width 0.1))
    (fp_line (start 0.2 -0.35) (end -0.3 0) (layer B.Fab) (width 0.1))
    (fp_line (start 0.2 0.35) (end 0.2 -0.35) (layer B.Fab) (width 0.1))
    (fp_line (start -0.3 0) (end 0.2 0.35) (layer B.Fab) (width 0.1))
    (fp_line (start -0.3 0) (end -0.5 0) (layer B.Fab) (width 0.1))
    (fp_line (start -0.3 0.35) (end -0.3 -0.35) (layer B.Fab) (width 0.1))
    (fp_line (start -0.9 -0.7) (end -0.9 0.7) (layer B.Fab) (width 0.1))
    (fp_line (start 0.9 -0.7) (end -0.9 -0.7) (layer B.Fab) (width 0.1))
    (fp_line (start 0.9 0.7) (end 0.9 -0.7) (layer B.Fab) (width 0.1))
    (fp_line (start -0.9 0.7) (end 0.9 0.7) (layer B.Fab) (width 0.1))
    (fp_line (start -1.6 0.95) (end 1.6 0.95) (layer B.CrtYd) (width 0.05))
    (fp_line (start 1.6 0.95) (end 1.6 -0.95) (layer B.CrtYd) (width 0.05))
    (fp_line (start -1.6 -0.95) (end 1.6 -0.95) (layer B.CrtYd) (width 0.05))
    (fp_line (start -1.6 0.95) (end -1.6 -0.95) (layer B.CrtYd) (width 0.05))
    (fp_line (start -1.5 -0.85) (end 1.05 -0.85) (layer B.SilkS) (width 0.12))
    (fp_line (start -1.5 0.85) (end 1.05 0.85) (layer B.SilkS) (width 0.12))
    (pad 1 smd rect (at -1.05 0) (size 0.6 0.45) (layers B.Cu B.Paste B.Mask)
      (net 1 +5V))
    (pad 2 smd rect (at 1.05 0) (size 0.6 0.45) (layers B.Cu B.Paste B.Mask)
      (net 3 +3V3))
    (model ${KISYS3DMOD}/Diode_SMD.3dshapes/D_SOD-323.wrl
      (at (xyz 0 0 0))
      (scale (xyz 1 1 1))
      (rotate (xyz 0 0 0))
    )
  )

  (module LED_SMD:LED_1206_3216Metric (layer F.Cu) (tedit 5B301BBE) (tstamp 5C05D2E3)
    (at 113.295001 132.268383)
    (descr "LED SMD 1206 (3216 Metric), square (rectangular) end terminal, IPC_7351 nominal, (Body size source: http://www.tortai-tech.com/upload/download/2011102023233369053.pdf), generated with kicad-footprint-generator")
    (tags diode)
    (path /5E085DA1)
    (attr smd)
    (fp_text reference D2 (at 0 -1.82) (layer F.SilkS)
      (effects (font (size 1 1) (thickness 0.15)))
    )
    (fp_text value LED (at 0 1.82) (layer F.Fab)
      (effects (font (size 1 1) (thickness 0.15)))
    )
    (fp_line (start 1.6 -0.8) (end -1.2 -0.8) (layer F.Fab) (width 0.1))
    (fp_line (start -1.2 -0.8) (end -1.6 -0.4) (layer F.Fab) (width 0.1))
    (fp_line (start -1.6 -0.4) (end -1.6 0.8) (layer F.Fab) (width 0.1))
    (fp_line (start -1.6 0.8) (end 1.6 0.8) (layer F.Fab) (width 0.1))
    (fp_line (start 1.6 0.8) (end 1.6 -0.8) (layer F.Fab) (width 0.1))
    (fp_line (start 1.6 -1.135) (end -2.285 -1.135) (layer F.SilkS) (width 0.12))
    (fp_line (start -2.285 -1.135) (end -2.285 1.135) (layer F.SilkS) (width 0.12))
    (fp_line (start -2.285 1.135) (end 1.6 1.135) (layer F.SilkS) (width 0.12))
    (fp_line (start -2.28 1.12) (end -2.28 -1.12) (layer F.CrtYd) (width 0.05))
    (fp_line (start -2.28 -1.12) (end 2.28 -1.12) (layer F.CrtYd) (width 0.05))
    (fp_line (start 2.28 -1.12) (end 2.28 1.12) (layer F.CrtYd) (width 0.05))
    (fp_line (start 2.28 1.12) (end -2.28 1.12) (layer F.CrtYd) (width 0.05))
    (fp_text user %R (at 0 0) (layer F.Fab)
      (effects (font (size 0.8 0.8) (thickness 0.12)))
    )
    (pad 1 smd roundrect (at -1.4 0) (size 1.25 1.75) (layers F.Cu F.Paste F.Mask) (roundrect_rratio 0.2)
      (net 5 "Net-(D2-Pad1)"))
    (pad 2 smd roundrect (at 1.4 0) (size 1.25 1.75) (layers F.Cu F.Paste F.Mask) (roundrect_rratio 0.2)
      (net 6 "Net-(D2-Pad2)"))
    (model ${KISYS3DMOD}/LED_SMD.3dshapes/LED_1206_3216Metric.wrl
      (at (xyz 0 0 0))
      (scale (xyz 1 1 1))
      (rotate (xyz 0 0 0))
    )
  )

  (module LED_SMD:LED_1206_3216Metric (layer F.Cu) (tedit 5B301BBE) (tstamp 5C05D2F6)
    (at 113.325 135.225)
    (descr "LED SMD 1206 (3216 Metric), square (rectangular) end terminal, IPC_7351 nominal, (Body size source: http://www.tortai-tech.com/upload/download/2011102023233369053.pdf), generated with kicad-footprint-generator")
    (tags diode)
    (path /5E082BDF)
    (attr smd)
    (fp_text reference D3 (at 0 -1.82) (layer F.SilkS)
      (effects (font (size 1 1) (thickness 0.15)))
    )
    (fp_text value LED (at 0 1.82) (layer F.Fab)
      (effects (font (size 1 1) (thickness 0.15)))
    )
    (fp_text user %R (at 0 0) (layer F.Fab)
      (effects (font (size 0.8 0.8) (thickness 0.12)))
    )
    (fp_line (start 2.28 1.12) (end -2.28 1.12) (layer F.CrtYd) (width 0.05))
    (fp_line (start 2.28 -1.12) (end 2.28 1.12) (layer F.CrtYd) (width 0.05))
    (fp_line (start -2.28 -1.12) (end 2.28 -1.12) (layer F.CrtYd) (width 0.05))
    (fp_line (start -2.28 1.12) (end -2.28 -1.12) (layer F.CrtYd) (width 0.05))
    (fp_line (start -2.285 1.135) (end 1.6 1.135) (layer F.SilkS) (width 0.12))
    (fp_line (start -2.285 -1.135) (end -2.285 1.135) (layer F.SilkS) (width 0.12))
    (fp_line (start 1.6 -1.135) (end -2.285 -1.135) (layer F.SilkS) (width 0.12))
    (fp_line (start 1.6 0.8) (end 1.6 -0.8) (layer F.Fab) (width 0.1))
    (fp_line (start -1.6 0.8) (end 1.6 0.8) (layer F.Fab) (width 0.1))
    (fp_line (start -1.6 -0.4) (end -1.6 0.8) (layer F.Fab) (width 0.1))
    (fp_line (start -1.2 -0.8) (end -1.6 -0.4) (layer F.Fab) (width 0.1))
    (fp_line (start 1.6 -0.8) (end -1.2 -0.8) (layer F.Fab) (width 0.1))
    (pad 2 smd roundrect (at 1.4 0) (size 1.25 1.75) (layers F.Cu F.Paste F.Mask) (roundrect_rratio 0.2)
      (net 7 "Net-(D3-Pad2)"))
    (pad 1 smd roundrect (at -1.4 0) (size 1.25 1.75) (layers F.Cu F.Paste F.Mask) (roundrect_rratio 0.2)
      (net 8 "Net-(D3-Pad1)"))
    (model ${KISYS3DMOD}/LED_SMD.3dshapes/LED_1206_3216Metric.wrl
      (at (xyz 0 0 0))
      (scale (xyz 1 1 1))
      (rotate (xyz 0 0 0))
    )
  )

  (module LED_SMD:LED_1206_3216Metric (layer F.Cu) (tedit 5B301BBE) (tstamp 5C05D309)
    (at 117.945001 132.268383)
    (descr "LED SMD 1206 (3216 Metric), square (rectangular) end terminal, IPC_7351 nominal, (Body size source: http://www.tortai-tech.com/upload/download/2011102023233369053.pdf), generated with kicad-footprint-generator")
    (tags diode)
    (path /5E07CB0B)
    (attr smd)
    (fp_text reference D4 (at 0 -1.82) (layer F.SilkS)
      (effects (font (size 1 1) (thickness 0.15)))
    )
    (fp_text value LED (at 0 1.82) (layer F.Fab)
      (effects (font (size 1 1) (thickness 0.15)))
    )
    (fp_line (start 1.6 -0.8) (end -1.2 -0.8) (layer F.Fab) (width 0.1))
    (fp_line (start -1.2 -0.8) (end -1.6 -0.4) (layer F.Fab) (width 0.1))
    (fp_line (start -1.6 -0.4) (end -1.6 0.8) (layer F.Fab) (width 0.1))
    (fp_line (start -1.6 0.8) (end 1.6 0.8) (layer F.Fab) (width 0.1))
    (fp_line (start 1.6 0.8) (end 1.6 -0.8) (layer F.Fab) (width 0.1))
    (fp_line (start 1.6 -1.135) (end -2.285 -1.135) (layer F.SilkS) (width 0.12))
    (fp_line (start -2.285 -1.135) (end -2.285 1.135) (layer F.SilkS) (width 0.12))
    (fp_line (start -2.285 1.135) (end 1.6 1.135) (layer F.SilkS) (width 0.12))
    (fp_line (start -2.28 1.12) (end -2.28 -1.12) (layer F.CrtYd) (width 0.05))
    (fp_line (start -2.28 -1.12) (end 2.28 -1.12) (layer F.CrtYd) (width 0.05))
    (fp_line (start 2.28 -1.12) (end 2.28 1.12) (layer F.CrtYd) (width 0.05))
    (fp_line (start 2.28 1.12) (end -2.28 1.12) (layer F.CrtYd) (width 0.05))
    (fp_text user %R (at 0 0) (layer F.Fab)
      (effects (font (size 0.8 0.8) (thickness 0.12)))
    )
    (pad 1 smd roundrect (at -1.4 0) (size 1.25 1.75) (layers F.Cu F.Paste F.Mask) (roundrect_rratio 0.2)
      (net 9 "Net-(D4-Pad1)"))
    (pad 2 smd roundrect (at 1.4 0) (size 1.25 1.75) (layers F.Cu F.Paste F.Mask) (roundrect_rratio 0.2)
      (net 10 "Net-(D4-Pad2)"))
    (model ${KISYS3DMOD}/LED_SMD.3dshapes/LED_1206_3216Metric.wrl
      (at (xyz 0 0 0))
      (scale (xyz 1 1 1))
      (rotate (xyz 0 0 0))
    )
  )

  (module Connector_Dsub:DSUB-9_Female_Vertical_P2.77x2.84mm (layer B.Cu) (tedit 59FEDEE2) (tstamp 5C05D33E)
    (at 100.525001 119.364339)
    (descr "9-pin D-Sub connector, straight/vertical, THT-mount, female, pitch 2.77x2.84mm, distance of mounting holes 25mm, see https://disti-assets.s3.amazonaws.com/tonar/files/datasheets/16730.pdf")
    (tags "9-pin D-Sub connector straight vertical THT female pitch 2.77x2.84mm mounting holes distance 25mm")
    (path /5E0DA7AC)
    (fp_text reference J1 (at -5.54 5.89) (layer B.SilkS)
      (effects (font (size 1 1) (thickness 0.15)) (justify mirror))
    )
    (fp_text value INTERFACE (at -5.54 -8.73) (layer B.Fab)
      (effects (font (size 1 1) (thickness 0.15)) (justify mirror))
    )
    (fp_arc (start -19.965 3.83) (end -20.965 3.83) (angle -90) (layer B.Fab) (width 0.1))
    (fp_arc (start 8.885 3.83) (end 8.885 4.83) (angle -90) (layer B.Fab) (width 0.1))
    (fp_arc (start -19.965 -6.67) (end -20.965 -6.67) (angle 90) (layer B.Fab) (width 0.1))
    (fp_arc (start 8.885 -6.67) (end 9.885 -6.67) (angle -90) (layer B.Fab) (width 0.1))
    (fp_arc (start -19.965 3.83) (end -21.025 3.83) (angle -90) (layer B.SilkS) (width 0.12))
    (fp_arc (start 8.885 3.83) (end 8.885 4.89) (angle -90) (layer B.SilkS) (width 0.12))
    (fp_arc (start -19.965 -6.67) (end -21.025 -6.67) (angle 90) (layer B.SilkS) (width 0.12))
    (fp_arc (start 8.885 -6.67) (end 9.945 -6.67) (angle -90) (layer B.SilkS) (width 0.12))
    (fp_arc (start -11.783194 0.93) (end -11.783194 2.53) (angle 100) (layer B.Fab) (width 0.1))
    (fp_arc (start 0.703194 0.93) (end 0.703194 2.53) (angle -100) (layer B.Fab) (width 0.1))
    (fp_arc (start -10.954457 -3.77) (end -10.954457 -5.37) (angle -80) (layer B.Fab) (width 0.1))
    (fp_arc (start -0.125543 -3.77) (end -0.125543 -5.37) (angle 80) (layer B.Fab) (width 0.1))
    (fp_arc (start -11.771689 0.93) (end -11.771689 2.59) (angle 100) (layer B.SilkS) (width 0.12))
    (fp_arc (start 0.691689 0.93) (end 0.691689 2.59) (angle -100) (layer B.SilkS) (width 0.12))
    (fp_arc (start -10.942952 -3.77) (end -10.942952 -5.43) (angle -80) (layer B.SilkS) (width 0.12))
    (fp_arc (start -0.137048 -3.77) (end -0.137048 -5.43) (angle 80) (layer B.SilkS) (width 0.12))
    (fp_line (start -19.965 4.83) (end 8.885 4.83) (layer B.Fab) (width 0.1))
    (fp_line (start 9.885 3.83) (end 9.885 -6.67) (layer B.Fab) (width 0.1))
    (fp_line (start 8.885 -7.67) (end -19.965 -7.67) (layer B.Fab) (width 0.1))
    (fp_line (start -20.965 -6.67) (end -20.965 3.83) (layer B.Fab) (width 0.1))
    (fp_line (start -19.965 4.89) (end 8.885 4.89) (layer B.SilkS) (width 0.12))
    (fp_line (start 9.945 3.83) (end 9.945 -6.67) (layer B.SilkS) (width 0.12))
    (fp_line (start 8.885 -7.73) (end -19.965 -7.73) (layer B.SilkS) (width 0.12))
    (fp_line (start -21.025 -6.67) (end -21.025 3.83) (layer B.SilkS) (width 0.12))
    (fp_line (start -0.25 5.784338) (end 0.25 5.784338) (layer B.SilkS) (width 0.12))
    (fp_line (start 0.25 5.784338) (end 0 5.351325) (layer B.SilkS) (width 0.12))
    (fp_line (start 0 5.351325) (end -0.25 5.784338) (layer B.SilkS) (width 0.12))
    (fp_line (start -11.783194 2.53) (end 0.703194 2.53) (layer B.Fab) (width 0.1))
    (fp_line (start -10.954457 -5.37) (end -0.125543 -5.37) (layer B.Fab) (width 0.1))
    (fp_line (start 2.278887 0.652163) (end 1.45015 -4.047837) (layer B.Fab) (width 0.1))
    (fp_line (start -13.358887 0.652163) (end -12.53015 -4.047837) (layer B.Fab) (width 0.1))
    (fp_line (start -11.771689 2.59) (end 0.691689 2.59) (layer B.SilkS) (width 0.12))
    (fp_line (start -10.942952 -5.43) (end -0.137048 -5.43) (layer B.SilkS) (width 0.12))
    (fp_line (start 2.32647 0.641744) (end 1.497733 -4.058256) (layer B.SilkS) (width 0.12))
    (fp_line (start -13.40647 0.641744) (end -12.577733 -4.058256) (layer B.SilkS) (width 0.12))
    (fp_line (start -21.5 5.35) (end -21.5 -8.2) (layer B.CrtYd) (width 0.05))
    (fp_line (start -21.5 -8.2) (end 10.4 -8.2) (layer B.CrtYd) (width 0.05))
    (fp_line (start 10.4 -8.2) (end 10.4 5.35) (layer B.CrtYd) (width 0.05))
    (fp_line (start 10.4 5.35) (end -21.5 5.35) (layer B.CrtYd) (width 0.05))
    (fp_text user %R (at -5.54 -1.42) (layer B.Fab)
      (effects (font (size 1 1) (thickness 0.15)) (justify mirror))
    )
    (pad 1 thru_hole rect (at 0 0) (size 1.6 1.6) (drill 1) (layers *.Cu *.Mask)
      (net 4 /RESET))
    (pad 2 thru_hole circle (at -2.77 0) (size 1.6 1.6) (drill 1) (layers *.Cu *.Mask))
    (pad 3 thru_hole circle (at -5.54 0) (size 1.6 1.6) (drill 1) (layers *.Cu *.Mask)
      (net 2 GND))
    (pad 4 thru_hole circle (at -8.31 0) (size 1.6 1.6) (drill 1) (layers *.Cu *.Mask)
      (net 11 /CAN_L))
    (pad 5 thru_hole circle (at -11.08 0) (size 1.6 1.6) (drill 1) (layers *.Cu *.Mask)
      (net 12 /SWDIO))
    (pad 6 thru_hole circle (at -1.385 -2.84) (size 1.6 1.6) (drill 1) (layers *.Cu *.Mask)
      (net 1 +5V))
    (pad 7 thru_hole circle (at -4.155 -2.84) (size 1.6 1.6) (drill 1) (layers *.Cu *.Mask))
    (pad 8 thru_hole circle (at -6.925 -2.84) (size 1.6 1.6) (drill 1) (layers *.Cu *.Mask)
      (net 13 /CAN_H))
    (pad 9 thru_hole circle (at -9.695 -2.84) (size 1.6 1.6) (drill 1) (layers *.Cu *.Mask)
      (net 14 /SWCLK))
    (model ${KISYS3DMOD}/Connector_Dsub.3dshapes/DSUB-9_Female_Vertical_P2.77x2.84mm.wrl
      (at (xyz 0 0 0))
      (scale (xyz 1 1 1))
      (rotate (xyz 0 0 0))
    )
  )

  (module Connector_PinSocket_2.54mm:PinSocket_1x05_P2.54mm_Horizontal (layer B.Cu) (tedit 5A19A431) (tstamp 5C05D389)
    (at 121.525001 115.295001)
    (descr "Through hole angled socket strip, 1x05, 2.54mm pitch, 8.51mm socket length, single row (from Kicad 4.0.7), script generated")
    (tags "Through hole angled socket strip THT 1x05 2.54mm single row")
    (path /5E112CA2)
    (fp_text reference J2 (at -4.38 2.77) (layer B.SilkS)
      (effects (font (size 1 1) (thickness 0.15)) (justify mirror))
    )
    (fp_text value SWD (at -4.38 -12.93) (layer B.Fab)
      (effects (font (size 1 1) (thickness 0.15)) (justify mirror))
    )
    (fp_line (start -10.03 1.27) (end -2.49 1.27) (layer B.Fab) (width 0.1))
    (fp_line (start -2.49 1.27) (end -1.52 0.3) (layer B.Fab) (width 0.1))
    (fp_line (start -1.52 0.3) (end -1.52 -11.43) (layer B.Fab) (width 0.1))
    (fp_line (start -1.52 -11.43) (end -10.03 -11.43) (layer B.Fab) (width 0.1))
    (fp_line (start -10.03 -11.43) (end -10.03 1.27) (layer B.Fab) (width 0.1))
    (fp_line (start 0 0.3) (end -1.52 0.3) (layer B.Fab) (width 0.1))
    (fp_line (start -1.52 -0.3) (end 0 -0.3) (layer B.Fab) (width 0.1))
    (fp_line (start 0 -0.3) (end 0 0.3) (layer B.Fab) (width 0.1))
    (fp_line (start 0 -2.24) (end -1.52 -2.24) (layer B.Fab) (width 0.1))
    (fp_line (start -1.52 -2.84) (end 0 -2.84) (layer B.Fab) (width 0.1))
    (fp_line (start 0 -2.84) (end 0 -2.24) (layer B.Fab) (width 0.1))
    (fp_line (start 0 -4.78) (end -1.52 -4.78) (layer B.Fab) (width 0.1))
